# Wavelength(micron) (rp/rs)^2 Error_bars
1.258925411794167282e+01 1.062609311426095798e-02 1.000000000000000082e-05
1.254580400345803248e+01 1.062354247422188196e-02 1.000000000000000082e-05
1.250250385119064056e+01 1.061228517340454675e-02 1.000000000000000082e-05
1.245935314356514034e+01 1.060286777094334235e-02 1.000000000000000082e-05
1.241635136479347246e+01 1.059872325162107727e-02 1.000000000000000082e-05
1.237349800086776241e+01 1.060158372584130149e-02 1.000000000000000082e-05
1.233079253955416199e+01 1.059200715042671499e-02 1.000000000000000082e-05
1.228823447038672256e+01 1.059570346647768606e-02 1.000000000000000082e-05
1.224582328466133241e+01 1.058326664077678322e-02 1.000000000000000082e-05
1.220355847542957051e+01 1.057876246008026232e-02 1.000000000000000082e-05
1.216143953749268647e+01 1.057694454614764232e-02 1.000000000000000082e-05
1.211946596739555915e+01 1.057477886614110150e-02 1.000000000000000082e-05
1.207763726342066590e+01 1.058980319663364172e-02 1.000000000000000082e-05
1.203595292558212293e+01 1.057973547741472738e-02 1.000000000000000082e-05
1.199441245561965097e+01 1.057289820247317783e-02 1.000000000000000082e-05
1.195301535699265827e+01 1.056821714806075937e-02 1.000000000000000082e-05
1.191176113487429689e+01 1.056498620164696318e-02 1.000000000000000082e-05
1.187064929614553144e+01 1.056190846912103201e-02 1.000000000000000082e-05
1.182967934938930377e+01 1.055973213492660163e-02 1.000000000000000082e-05
1.178885080488457326e+01 1.056086064205646532e-02 1.000000000000000082e-05
1.174816317460051884e+01 1.055887825286130725e-02 1.000000000000000082e-05
1.170761597219068051e+01 1.056800497131553558e-02 1.000000000000000082e-05
1.166720871298719509e+01 1.056414240401553836e-02 1.000000000000000082e-05
1.162694091399492891e+01 1.056079758369512893e-02 1.000000000000000082e-05
1.158681209388574906e+01 1.056474071857302528e-02 1.000000000000000082e-05
1.154682177299276624e+01 1.056130738851857910e-02 1.000000000000000082e-05
1.150696947330458286e+01 1.055854511314535671e-02 1.000000000000000082e-05
1.146725471845963007e+01 1.055924296186953187e-02 1.000000000000000082e-05
1.142767703374039989e+01 1.055760158284529612e-02 1.000000000000000082e-05
1.138823594606782130e+01 1.055858134635051168e-02 1.000000000000000082e-05
1.134893098399558831e+01 1.056723311804219634e-02 1.000000000000000082e-05
1.130976167770452356e+01 1.056527460304975546e-02 1.000000000000000082e-05
1.127072755899699530e+01 1.055849577007924450e-02 1.000000000000000082e-05
1.123182816129126138e+01 1.056005627274759530e-02 1.000000000000000082e-05
1.119306301961593242e+01 1.055912251939794544e-02 1.000000000000000082e-05
1.115443167060441176e+01 1.055434582523076363e-02 1.000000000000000082e-05
1.111593365248933019e+01 1.056514322379078011e-02 1.000000000000000082e-05
1.107756850509708713e+01 1.056128550558427595e-02 1.000000000000000082e-05
1.103933576984227116e+01 1.055965918141861352e-02 1.000000000000000082e-05
1.100123498972222968e+01 1.055716493940650480e-02 1.000000000000000082e-05
1.096326570931159239e+01 1.055890355770185488e-02 1.000000000000000082e-05
1.092542747475681963e+01 1.056641280220191499e-02 1.000000000000000082e-05
1.088771983377081476e+01 1.056212797287692240e-02 1.000000000000000082e-05
1.085014233562746178e+01 1.055778763376633532e-02 1.000000000000000082e-05
1.081269453115626789e+01 1.056133358613100051e-02 1.000000000000000082e-05
1.077537597273700243e+01 1.056012205248275763e-02 1.000000000000000082e-05
1.073818621429431452e+01 1.056266848115533161e-02 1.000000000000000082e-05
1.070112481129246262e+01 1.056417527158669788e-02 1.000000000000000082e-05
1.066419132072992326e+01 1.055938345337022015e-02 1.000000000000000082e-05
1.062738530113414548e+01 1.055888835717629787e-02 1.000000000000000082e-05
1.059070631255626083e+01 1.055961050056104800e-02 1.000000000000000082e-05
1.055415391656581647e+01 1.056287485629849379e-02 1.000000000000000082e-05
1.051772767624557225e+01 1.055971476866746951e-02 1.000000000000000082e-05
1.048142715618621779e+01 1.056181819023676791e-02 1.000000000000000082e-05
1.044525192248121215e+01 1.055844656942940031e-02 1.000000000000000082e-05
1.040920154272158094e+01 1.055495734016476984e-02 1.000000000000000082e-05
1.037327558599074173e+01 1.055717022903862254e-02 1.000000000000000082e-05
1.033747362285939708e+01 1.055791097086975980e-02 1.000000000000000082e-05
1.030179522538033332e+01 1.055525093119017571e-02 1.000000000000000082e-05
1.026623996708334552e+01 1.055485300672688066e-02 1.000000000000000082e-05
1.023080742297014112e+01 1.055788662118040122e-02 1.000000000000000082e-05
1.019549716950923290e+01 1.055966614343494502e-02 1.000000000000000082e-05
1.016030878463093501e+01 1.055399143252945884e-02 1.000000000000000082e-05
1.012524184772224167e+01 1.056528005763204651e-02 1.000000000000000082e-05
1.009029593962184634e+01 1.055635604319813715e-02 1.000000000000000082e-05
1.005547064261512524e+01 1.056530722204840345e-02 1.000000000000000082e-05
1.002076554042912804e+01 1.056822956278307031e-02 1.000000000000000082e-05
9.986180218227644900e+00 1.056162380640971593e-02 1.000000000000000082e-05
9.951714262606182970e+00 1.057059340991724043e-02 1.000000000000000082e-05
9.917367261587070715e+00 1.056971938594144893e-02 1.000000000000000082e-05
9.883138804614533868e+00 1.056998993792103783e-02 1.000000000000000082e-05
9.849028482549758934e+00 1.057252761568209382e-02 1.000000000000000082e-05
9.815035887666034853e+00 1.056317422751961756e-02 1.000000000000000082e-05
9.781160613643852031e+00 1.056776903660246007e-02 1.000000000000000082e-05
9.747402255566061768e+00 1.057512577805916516e-02 1.000000000000000082e-05
9.713760409913039240e+00 1.057510132009981466e-02 1.000000000000000082e-05
9.680234674557841146e+00 1.057557944084527163e-02 1.000000000000000082e-05
9.646824648761421983e+00 1.057432932109259906e-02 1.000000000000000082e-05
9.613529933167834329e+00 1.057407606640754609e-02 1.000000000000000082e-05
9.580350129799432679e+00 1.057386111500215053e-02 1.000000000000000082e-05
9.547284842052169651e+00 1.056694531809599692e-02 1.000000000000000082e-05
9.514333674690796272e+00 1.057500649790787083e-02 1.000000000000000082e-05
9.481496233844181276e+00 1.057348180021641833e-02 1.000000000000000082e-05
9.448772127000580667e+00 1.057576577569285803e-02 1.000000000000000082e-05
9.416160963002946360e+00 1.057174883296323371e-02 1.000000000000000082e-05
9.383662352044270349e+00 1.057128300847983565e-02 1.000000000000000082e-05
9.351275905662896903e+00 1.057269013399524463e-02 1.000000000000000082e-05
9.319001236737900484e+00 1.057799186360542688e-02 1.000000000000000082e-05
9.286837959484453009e+00 1.058264037281949482e-02 1.000000000000000082e-05
9.254785689449198216e+00 1.058338968794677454e-02 1.000000000000000082e-05
9.222844043505689982e+00 1.059262446585653231e-02 1.000000000000000082e-05
9.191012639849768462e+00 1.058125992273526925e-02 1.000000000000000082e-05
9.159291097995042819e+00 1.058648970245211138e-02 1.000000000000000082e-05
9.127679038768299336e+00 1.058533149455203638e-02 1.000000000000000082e-05
9.096176084304994802e+00 1.058701416766402031e-02 1.000000000000000082e-05
9.064781858044746343e+00 1.057622039920366047e-02 1.000000000000000082e-05
9.033495984726799932e+00 1.057469205404833884e-02 1.000000000000000082e-05
9.002318090385584171e+00 1.055766798976274720e-02 1.000000000000000082e-05
8.971247802346201894e+00 1.055578652160458694e-02 1.000000000000000082e-05
8.940284749219994609e+00 1.055005366987743845e-02 1.000000000000000082e-05
8.909428560900121141e+00 1.054611948464740170e-02 1.000000000000000082e-05
8.878678868557084769e+00 1.054462876314427727e-02 1.000000000000000082e-05
8.848035304634381149e+00 1.054464735212198162e-02 1.000000000000000082e-05
8.817497502844057422e+00 1.054466312108514291e-02 1.000000000000000082e-05
8.787065098162369026e+00 1.054467867787040394e-02 1.000000000000000082e-05
8.756737726825392087e+00 1.054469079753909272e-02 1.000000000000000082e-05
8.726515026324683788e+00 1.054470779392684306e-02 1.000000000000000082e-05
8.696396635402964037e+00 1.054470819439419331e-02 1.000000000000000082e-05
8.666382194049765175e+00 1.054472504734451678e-02 1.000000000000000082e-05
8.636471343497165165e+00 1.054472237451520300e-02 1.000000000000000082e-05
8.606663726215465715e+00 1.054473138292576738e-02 1.000000000000000082e-05
8.576958985908939681e+00 1.054472817968160267e-02 1.000000000000000082e-05
8.547356767511573139e+00 1.054472802916897427e-02 1.000000000000000082e-05
8.517856717182802129e+00 1.054472965544934852e-02 1.000000000000000082e-05
8.488458482303309793e+00 1.054472728150038056e-02 1.000000000000000082e-05
8.459161711470787992e+00 1.054472753029514487e-02 1.000000000000000082e-05
8.429966054495741545e+00 1.054472396978721992e-02 1.000000000000000082e-05
8.400871162397324454e+00 1.054472012697288061e-02 1.000000000000000082e-05
8.371876687399131711e+00 1.054473395359259262e-02 1.000000000000000082e-05
8.342982282925079929e+00 1.054471026213422459e-02 1.000000000000000082e-05
8.314187603595231124e+00 1.054470592308804147e-02 1.000000000000000082e-05
8.285492305221684006e+00 1.054469798322061128e-02 1.000000000000000082e-05
8.256896044804463486e+00 1.054468233839981305e-02 1.000000000000000082e-05
8.228398480527399528e+00 1.054467479745113678e-02 1.000000000000000082e-05
8.199999271754068175e+00 1.054466137276659395e-02 1.000000000000000082e-05
8.171698079023695271e+00 1.054465281526016304e-02 1.000000000000000082e-05
8.143494564047109918e+00 1.054464681137190496e-02 1.000000000000000082e-05
8.115388389702715699e+00 1.054463365419795566e-02 1.000000000000000082e-05
8.087379220032422822e+00 1.054462044813566160e-02 1.000000000000000082e-05
8.059466720237676185e+00 1.054460731651884163e-02 1.000000000000000082e-05
8.031650556675423047e+00 1.054459185280397747e-02 1.000000000000000082e-05
8.003930396854130436e+00 1.054457743228153464e-02 1.000000000000000082e-05
7.976305909429829200e+00 1.054456387301910478e-02 1.000000000000000082e-05
7.948776764202120759e+00 1.054454952947135246e-02 1.000000000000000082e-05
7.921342632110269122e+00 1.054453983926579089e-02 1.000000000000000082e-05
7.894003185229232500e+00 1.054453162974657368e-02 1.000000000000000082e-05
7.866758096765756214e+00 1.054452405813376646e-02 1.000000000000000082e-05
7.839607041054484249e+00 1.054451494172112432e-02 1.000000000000000082e-05
7.812549693554031727e+00 1.054450915814961372e-02 1.000000000000000082e-05
7.785585730843143537e+00 1.054450434078191279e-02 1.000000000000000082e-05
7.758714830616794345e+00 1.054449613857554556e-02 1.000000000000000082e-05
7.731936671682356099e+00 1.054448756605616717e-02 1.000000000000000082e-05
7.705250933955759329e+00 1.054447454256345583e-02 1.000000000000000082e-05
7.678657298457648217e+00 1.054446296294796713e-02 1.000000000000000082e-05
7.652155447309600511e+00 1.054445341410890739e-02 1.000000000000000082e-05
7.625745063730291484e+00 1.054444518891300628e-02 1.000000000000000082e-05
7.599425832031728056e+00 1.054443717275651421e-02 1.000000000000000082e-05
7.573197437615480254e+00 1.054442841790913764e-02 1.000000000000000082e-05
7.547059566968902011e+00 1.054442247922574710e-02 1.000000000000000082e-05
7.521011907661403484e+00 1.054441566958585173e-02 1.000000000000000082e-05
7.495054148340698497e+00 1.054440891500181381e-02 1.000000000000000082e-05
7.469185978729090181e+00 1.054440334220801620e-02 1.000000000000000082e-05
7.443407089619775263e+00 1.054439895540135348e-02 1.000000000000000082e-05
7.417717172873121712e+00 1.054439510728499840e-02 1.000000000000000082e-05
7.392115921413014767e+00 1.054438973705328596e-02 1.000000000000000082e-05
7.366603029223158572e+00 1.054438656807258484e-02 1.000000000000000082e-05
7.341178191343431081e+00 1.054438181076296048e-02 1.000000000000000082e-05
7.315841103866254969e+00 1.054437696221227280e-02 1.000000000000000082e-05
7.290591463932927674e+00 1.054437149354539929e-02 1.000000000000000082e-05
7.265428969730042930e+00 1.054436463524520071e-02 1.000000000000000082e-05
7.240353320485847455e+00 1.054435482006637823e-02 1.000000000000000082e-05
7.215364216466663372e+00 1.054434432670402731e-02 1.000000000000000082e-05
7.190461358973314177e+00 1.054433167484320269e-02 1.000000000000000082e-05
7.165644450337529392e+00 1.054431481772565536e-02 1.000000000000000082e-05
7.140913193918412283e+00 1.054429315288301847e-02 1.000000000000000082e-05
7.116267294098872931e+00 1.054426994644658624e-02 1.000000000000000082e-05
7.091706456282104831e+00 1.054423884028572733e-02 1.000000000000000082e-05
7.067230386888073035e+00 1.054420341795884314e-02 1.000000000000000082e-05
7.042838793349978310e+00 1.054416293061312751e-02 1.000000000000000082e-05
7.018531384110795024e+00 1.054411463169776381e-02 1.000000000000000082e-05
6.994307868619749513e+00 1.054406044544993308e-02 1.000000000000000082e-05
6.970167957328873065e+00 1.054399952067168640e-02 1.000000000000000082e-05
6.946111361689538910e+00 1.054392925089331357e-02 1.000000000000000082e-05
6.922137794148990331e+00 1.054385531487671973e-02 1.000000000000000082e-05
6.898246968146942493e+00 1.054377298762295551e-02 1.000000000000000082e-05
6.874438598112114107e+00 1.054368228122890168e-02 1.000000000000000082e-05
6.850712399458843471e+00 1.054358440505363467e-02 1.000000000000000082e-05
6.827068088583684080e+00 1.054348980280732546e-02 1.000000000000000082e-05
6.803505382861994022e+00 1.054338992688878124e-02 1.000000000000000082e-05
6.780024000644588433e+00 1.054327516596323226e-02 1.000000000000000082e-05
6.756623661254345770e+00 1.054315442624024872e-02 1.000000000000000082e-05
6.733304084982861148e+00 1.054302054665175008e-02 1.000000000000000082e-05
6.710064993087120122e+00 1.054287557003300707e-02 1.000000000000000082e-05
6.686906107786135145e+00 1.054272323770123233e-02 1.000000000000000082e-05
6.663827152257657538e+00 1.054255671326924555e-02 1.000000000000000082e-05
6.640827850634843266e+00 1.054238352897102562e-02 1.000000000000000082e-05
6.617907928002964013e+00 1.054220039453131023e-02 1.000000000000000082e-05
6.595067110396134247e+00 1.054200893169449441e-02 1.000000000000000082e-05
6.572305124794010744e+00 1.054181228889807323e-02 1.000000000000000082e-05
6.549621699118555185e+00 1.054160397048666334e-02 1.000000000000000082e-05
6.527016562230762986e+00 1.054138881228074490e-02 1.000000000000000082e-05
6.504489443927432113e+00 1.054116910755590469e-02 1.000000000000000082e-05
6.482040074937929219e+00 1.054095011199315986e-02 1.000000000000000082e-05
6.459668186920968225e+00 1.054071423531729307e-02 1.000000000000000082e-05
6.437373512461418201e+00 1.054048024263893116e-02 1.000000000000000082e-05
6.415155785067081062e+00 1.054023800438186505e-02 1.000000000000000082e-05
6.393014739165535865e+00 1.053998461939405912e-02 1.000000000000000082e-05
6.370950110100936925e+00 1.053973465392679491e-02 1.000000000000000082e-05
6.348961634130863452e+00 1.053947395135423903e-02 1.000000000000000082e-05
6.327049048423177169e+00 1.053922107827969142e-02 1.000000000000000082e-05
6.305212091052854184e+00 1.053894065593943656e-02 1.000000000000000082e-05
6.283450500998885246e+00 1.053866775013071605e-02 1.000000000000000082e-05
6.261764018141126265e+00 1.053838867410522052e-02 1.000000000000000082e-05
6.240152383257207447e+00 1.053811843782006923e-02 1.000000000000000082e-05
6.218615338019437111e+00 1.053782955469218831e-02 1.000000000000000082e-05
6.197152624991693060e+00 1.053754421752509801e-02 1.000000000000000082e-05
6.175763987626375240e+00 1.053727057878553301e-02 1.000000000000000082e-05
6.154449170261309554e+00 1.053695919033696866e-02 1.000000000000000082e-05
6.133207918116708512e+00 1.053666788013174482e-02 1.000000000000000082e-05
6.112039977292130999e+00 1.053637996024376147e-02 1.000000000000000082e-05
6.090945094763426937e+00 1.053608978320415106e-02 1.000000000000000082e-05
6.069923018379737023e+00 1.053578993950310405e-02 1.000000000000000082e-05
6.048973496860457821e+00 1.053548122527066949e-02 1.000000000000000082e-05
6.028096279792245937e+00 1.053518015453610429e-02 1.000000000000000082e-05
6.007291117626036403e+00 1.053487915717272842e-02 1.000000000000000082e-05
5.986557761674037081e+00 1.053457189635491516e-02 1.000000000000000082e-05
5.965895964106779026e+00 1.053427132191530995e-02 1.000000000000000082e-05
5.945305477950135753e+00 1.053398066594505439e-02 1.000000000000000082e-05
5.924786057082378044e+00 1.053365145991755521e-02 1.000000000000000082e-05
5.904337456231241177e+00 1.053334717513584179e-02 1.000000000000000082e-05
5.883959430970973514e+00 1.053303516997936180e-02 1.000000000000000082e-05
5.863651737719436596e+00 1.053272158297820921e-02 1.000000000000000082e-05
5.843414133735176819e+00 1.053241395515468713e-02 1.000000000000000082e-05
5.823246377114526418e+00 1.053211456297130019e-02 1.000000000000000082e-05
5.803148226788726660e+00 1.053178881520457424e-02 1.000000000000000082e-05
5.783119442521022613e+00 1.053147582419455830e-02 1.000000000000000082e-05
5.763159784903816529e+00 1.053118718527639060e-02 1.000000000000000082e-05
5.743269015355783935e+00 1.053086149266791761e-02 1.000000000000000082e-05
5.723446896119032345e+00 1.053054996556349737e-02 1.000000000000000082e-05
5.703693190256267975e+00 1.053025805077221697e-02 1.000000000000000082e-05
5.684007661647940246e+00 1.052994159819921685e-02 1.000000000000000082e-05
5.664390074989447577e+00 1.052965974254087105e-02 1.000000000000000082e-05
5.644840195788300541e+00 1.052933740248818140e-02 1.000000000000000082e-05
5.625357790361329435e+00 1.052903540205982376e-02 1.000000000000000082e-05
5.605942625831898063e+00 1.052874515194008979e-02 1.000000000000000082e-05
5.586594470127103307e+00 1.052848171175541428e-02 1.000000000000000082e-05
5.567313091975020001e+00 1.052809887746738310e-02 1.000000000000000082e-05
5.548098260901918266e+00 1.052802969761538338e-02 1.000000000000000082e-05
5.528949747229518152e+00 1.052766662285104654e-02 1.000000000000000082e-05
5.509867322072252271e+00 1.052734750397158608e-02 1.000000000000000082e-05
5.490850757334507115e+00 1.052716142402779047e-02 1.000000000000000082e-05
5.471899825707924769e+00 1.052685432958191773e-02 1.000000000000000082e-05
5.453014300668661996e+00 1.052668014793366712e-02 1.000000000000000082e-05
5.434193956474691056e+00 1.052627881440916860e-02 1.000000000000000082e-05
5.415438568163111199e+00 1.052577744390303070e-02 1.000000000000000082e-05
5.396747911547441490e+00 1.052593951166167982e-02 1.000000000000000082e-05
5.378121763214958939e+00 1.052528373396801123e-02 1.000000000000000082e-05
5.359559900524012654e+00 1.052460941603182085e-02 1.000000000000000082e-05
5.341062101601369072e+00 1.052415548712942392e-02 1.000000000000000082e-05
5.322628145339569627e+00 1.052332606337868202e-02 1.000000000000000082e-05
5.304257811394263555e+00 1.052249929156691757e-02 1.000000000000000082e-05
5.285950880181605527e+00 1.052226102339714163e-02 1.000000000000000082e-05
5.267707132875600884e+00 1.052234661474052251e-02 1.000000000000000082e-05
5.249526351405506830e+00 1.052130150101978322e-02 1.000000000000000082e-05
5.231408318453228290e+00 1.052075263718585570e-02 1.000000000000000082e-05
5.213352817450705778e+00 1.052041813598291430e-02 1.000000000000000082e-05
5.195359632577344122e+00 1.051958125230903311e-02 1.000000000000000082e-05
5.177428548757416316e+00 1.051930928266332256e-02 1.000000000000000082e-05
5.159559351657501125e+00 1.051865512366790580e-02 1.000000000000000082e-05
5.141751827683926912e+00 1.051809422265228937e-02 1.000000000000000082e-05
5.124005763980201245e+00 1.051746481302937887e-02 1.000000000000000082e-05
5.106320948424489359e+00 1.051741020200252716e-02 1.000000000000000082e-05
5.088697169627057093e+00 1.051658267933401787e-02 1.000000000000000082e-05
5.071134216927753791e+00 1.051630780095590655e-02 1.000000000000000082e-05
5.053631880393502307e+00 1.051638565330666013e-02 1.000000000000000082e-05
5.036189950815769478e+00 1.051692140054919650e-02 1.000000000000000082e-05
5.018808219708088991e+00 1.051553395239105543e-02 1.000000000000000082e-05
5.001486479303549615e+00 1.051705727157098598e-02 1.000000000000000082e-05
4.984224522552318959e+00 1.051623466012166323e-02 1.000000000000000082e-05
4.967022143119177002e+00 1.051854353650637751e-02 1.000000000000000082e-05
4.949879135381031858e+00 1.052042201324846632e-02 1.000000000000000082e-05
4.932795294424482613e+00 1.052054803331587199e-02 1.000000000000000082e-05
4.915770416043351076e+00 1.052412256404103123e-02 1.000000000000000082e-05
4.898804296736249064e+00 1.052784672692843974e-02 1.000000000000000082e-05
4.881896733704154556e+00 1.053067044701122730e-02 1.000000000000000082e-05
4.865047524847968319e+00 1.053417049059609395e-02 1.000000000000000082e-05
4.848256468766119376e+00 1.053947769791436020e-02 1.000000000000000082e-05
4.831523364752136729e+00 1.053991571759164275e-02 1.000000000000000082e-05
4.814848012792269927e+00 1.054908525556131661e-02 1.000000000000000082e-05
4.798230213563083879e+00 1.055291552368668902e-02 1.000000000000000082e-05
4.781669768429078538e+00 1.056240289648422044e-02 1.000000000000000082e-05
4.765166479440327230e+00 1.056460886523752189e-02 1.000000000000000082e-05
4.748720149330090123e+00 1.057760947144332012e-02 1.000000000000000082e-05
4.732330581512477430e+00 1.058345784999331282e-02 1.000000000000000082e-05
4.715997580080079743e+00 1.059720339022235738e-02 1.000000000000000082e-05
4.699720949801637460e+00 1.061137262067017757e-02 1.000000000000000082e-05
4.683500496119711975e+00 1.062815105836388205e-02 1.000000000000000082e-05
4.667336025148345335e+00 1.064695346209058174e-02 1.000000000000000082e-05
4.651227343670758074e+00 1.066148740976466565e-02 1.000000000000000082e-05
4.635174259137026631e+00 1.068418496917927958e-02 1.000000000000000082e-05
4.619176579661787407e+00 1.070049523217929920e-02 1.000000000000000082e-05
4.603234114021949708e+00 1.072050043752881265e-02 1.000000000000000082e-05
4.587346671654395358e+00 1.074383122570365078e-02 1.000000000000000082e-05
4.571514062653718291e+00 1.077204239533266668e-02 1.000000000000000082e-05
4.555736097769936599e+00 1.077205959856214132e-02 1.000000000000000082e-05
4.540012588406241001e+00 1.080388357932585836e-02 1.000000000000000082e-05
4.524343346616745087e+00 1.081884823362237735e-02 1.000000000000000082e-05
4.508728185104224018e+00 1.084813926838607348e-02 1.000000000000000082e-05
4.493166917217891410e+00 1.085698556942888207e-02 1.000000000000000082e-05
4.477659356951154912e+00 1.087918302701222813e-02 1.000000000000000082e-05
4.462205318939400200e+00 1.087233279582460084e-02 1.000000000000000082e-05
4.446804618457779412e+00 1.090395023476603900e-02 1.000000000000000082e-05
4.431457071418988036e+00 1.093355303956564280e-02 1.000000000000000082e-05
4.416162494371083547e+00 1.093586562434137842e-02 1.000000000000000082e-05
4.400920704495277391e+00 1.092964980265957904e-02 1.000000000000000082e-05
4.385731519603754514e+00 1.090611548629720658e-02 1.000000000000000082e-05
4.370594758137503533e+00 1.093920363124075562e-02 1.000000000000000082e-05
4.355510239164130049e+00 1.094184720179760921e-02 1.000000000000000082e-05
4.340477782375712579e+00 1.096159589022304391e-02 1.000000000000000082e-05
4.325497208086632739e+00 1.092668071655549140e-02 1.000000000000000082e-05
4.310568337231430291e+00 1.097444208464230971e-02 1.000000000000000082e-05
4.295690991362675071e+00 1.095120705397898894e-02 1.000000000000000082e-05
4.280864992648813150e+00 1.091755216695243155e-02 1.000000000000000082e-05
4.266090163872060970e+00 1.089496089802056457e-02 1.000000000000000082e-05
4.251366328426272823e+00 1.088859467418993449e-02 1.000000000000000082e-05
4.236693310314834982e+00 1.084786497718790918e-02 1.000000000000000082e-05
4.222070934148567822e+00 1.079751692612245136e-02 1.000000000000000082e-05
4.207499025143618177e+00 1.073505875556489929e-02 1.000000000000000082e-05
4.192977409119380106e+00 1.067945715719782404e-02 1.000000000000000082e-05
4.178505912496405017e+00 1.064569166622675311e-02 1.000000000000000082e-05
4.164084362294330433e+00 1.048479707873239096e-02 1.000000000000000082e-05
4.149712586129816749e+00 1.048127722336726804e-02 1.000000000000000082e-05
4.135390412214476008e+00 1.047903562661863658e-02 1.000000000000000082e-05
4.121117669352831747e+00 1.047877284139203322e-02 1.000000000000000082e-05
4.106894186940259317e+00 1.047788806477766531e-02 1.000000000000000082e-05
4.092719794960954616e+00 1.047583244495258956e-02 1.000000000000000082e-05
4.078594323985903713e+00 1.047657480781138094e-02 1.000000000000000082e-05
4.064517605170847148e+00 1.047522570757472744e-02 1.000000000000000082e-05
4.050489470254278856e+00 1.047455490787832337e-02 1.000000000000000082e-05
4.036509751555414915e+00 1.047200653047479675e-02 1.000000000000000082e-05
4.022578281972201353e+00 1.047092692002685003e-02 1.000000000000000082e-05
4.008694894979320189e+00 1.047037690889742259e-02 1.000000000000000082e-05
3.994859424626184374e+00 1.046957593960856289e-02 1.000000000000000082e-05
3.981071705534972249e+00 1.046901816004081401e-02 1.000000000000000082e-05
3.967331572898633141e+00 1.046841871678120400e-02 1.000000000000000082e-05
3.953638862478929816e+00 1.046792111973578882e-02 1.000000000000000082e-05
3.939993410604472501e+00 1.046745662377737522e-02 1.000000000000000082e-05
3.926395054168756449e+00 1.046699025252068385e-02 1.000000000000000082e-05
3.912843630628221270e+00 1.046654849499016257e-02 1.000000000000000082e-05
3.899338978000302269e+00 1.046612866655568380e-02 1.000000000000000082e-05
3.885880934861495994e+00 1.046571986184228684e-02 1.000000000000000082e-05
3.872469340345429778e+00 1.046532122320634021e-02 1.000000000000000082e-05
3.859104034140941497e+00 1.046494075902433367e-02 1.000000000000000082e-05
3.845784856490157555e+00 1.046457164953606099e-02 1.000000000000000082e-05
3.832511648186592179e+00 1.046421370621376280e-02 1.000000000000000082e-05
3.819284250573234285e+00 1.046387264094433486e-02 1.000000000000000082e-05
3.806102505540659653e+00 1.046353759476112595e-02 1.000000000000000082e-05
3.792966255525137775e+00 1.046322234155499555e-02 1.000000000000000082e-05
3.779875343506744478e+00 1.046292123233008402e-02 1.000000000000000082e-05
3.766829613007490973e+00 1.046263007890720770e-02 1.000000000000000082e-05
3.753828908089452021e+00 1.046235908186059389e-02 1.000000000000000082e-05
3.740873073352900313e+00 1.046209669980085674e-02 1.000000000000000082e-05
3.727961953934450179e+00 1.046184962664616774e-02 1.000000000000000082e-05
3.715095395505203513e+00 1.046161833719594370e-02 1.000000000000000082e-05
3.702273244268911245e+00 1.046140691641994636e-02 1.000000000000000082e-05
3.689495346960128597e+00 1.046121363940135177e-02 1.000000000000000082e-05
3.676761550842388093e+00 1.046104064305753735e-02 1.000000000000000082e-05
3.664071703706370364e+00 1.046088634127948121e-02 1.000000000000000082e-05
3.651425653868084709e+00 1.046075647013330195e-02 1.000000000000000082e-05
3.638823250167060319e+00 1.046064866203485350e-02 1.000000000000000082e-05
3.626264341964533511e+00 1.046056890740487688e-02 1.000000000000000082e-05
3.613748779141651823e+00 1.046051008339913234e-02 1.000000000000000082e-05
3.601276412097677682e+00 1.046048141840845262e-02 1.000000000000000082e-05
3.588847091748198714e+00 1.046047823466431277e-02 1.000000000000000082e-05
3.576460669523348734e+00 1.046050459460172617e-02 1.000000000000000082e-05
3.564116997366029604e+00 1.046055649330996165e-02 1.000000000000000082e-05
3.551815927730143763e+00 1.046063347553390782e-02 1.000000000000000082e-05
3.539557313578828968e+00 1.046074155745311748e-02 1.000000000000000082e-05
3.527341008382697485e+00 1.046088224644095392e-02 1.000000000000000082e-05
3.515166866118092592e+00 1.046103611920902801e-02 1.000000000000000082e-05
3.503034741265336205e+00 1.046122688326697921e-02 1.000000000000000082e-05
3.490944488806991153e+00 1.046144318033489368e-02 1.000000000000000082e-05
3.478895964226131898e+00 1.046169348470508270e-02 1.000000000000000082e-05
3.466889023504608147e+00 1.046197336748760573e-02 1.000000000000000082e-05
3.454923523121333773e+00 1.046228282119388876e-02 1.000000000000000082e-05
3.442999320050563750e+00 1.046262246802375472e-02 1.000000000000000082e-05
3.431116271760187963e+00 1.046298181680345267e-02 1.000000000000000082e-05
3.419274236210027684e+00 1.046337424420876010e-02 1.000000000000000082e-05
3.407473071850133373e+00 1.046379950742704068e-02 1.000000000000000082e-05
3.395712637619098917e+00 1.046425753008588429e-02 1.000000000000000082e-05
3.383992792942372763e+00 1.046474823983673322e-02 1.000000000000000082e-05
3.372313397730576146e+00 1.046525762830769271e-02 1.000000000000000082e-05
3.360674312377830653e+00 1.046578817823455750e-02 1.000000000000000082e-05
3.349075397760089334e+00 1.046634754522404211e-02 1.000000000000000082e-05
3.337516515233470482e+00 1.046691617901328829e-02 1.000000000000000082e-05
3.325997526632606061e+00 1.046751013751153619e-02 1.000000000000000082e-05
3.314518294268986143e+00 1.046811182236021681e-02 1.000000000000000082e-05
3.303078680929314448e+00 1.046873838488857240e-02 1.000000000000000082e-05
3.291678549873867432e+00 1.046935598504024172e-02 1.000000000000000082e-05
3.280317764834859595e+00 1.046996062273345546e-02 1.000000000000000082e-05
3.268996190014816339e+00 1.047055484761249232e-02 1.000000000000000082e-05
3.257713690084949931e+00 1.047114611371241163e-02 1.000000000000000082e-05
3.246470130183541247e+00 1.047176371437239135e-02 1.000000000000000082e-05
3.235265375914329500e+00 1.047236154067668172e-02 1.000000000000000082e-05
3.224099293344901085e+00 1.047294076950978405e-02 1.000000000000000082e-05
3.212971749005095301e+00 1.047355692532265029e-02 1.000000000000000082e-05
3.201882609885404740e+00 1.047417314928859172e-02 1.000000000000000082e-05
3.190831743435386336e+00 1.047477433475335791e-02 1.000000000000000082e-05
3.179819017562078187e+00 1.047535386685675279e-02 1.000000000000000082e-05
3.168844300628416377e+00 1.047597987525359861e-02 1.000000000000000082e-05
3.157907461451666897e+00 1.047668191043053115e-02 1.000000000000000082e-05
3.147008369301856234e+00 1.047730367046885783e-02 1.000000000000000082e-05
3.136146893900205068e+00 1.047803391451542290e-02 1.000000000000000082e-05
3.125322905417576180e+00 1.047885857473464591e-02 1.000000000000000082e-05
3.114536274472918365e+00 1.047969418625854625e-02 1.000000000000000082e-05
3.103786872131721886e+00 1.048063237645252901e-02 1.000000000000000082e-05
3.093074569904478377e+00 1.048176442158749513e-02 1.000000000000000082e-05
3.082399239745142960e+00 1.048302801716370289e-02 1.000000000000000082e-05
3.071760754049604358e+00 1.048449901063883312e-02 1.000000000000000082e-05
3.061158985654159004e+00 1.048625722415808849e-02 1.000000000000000082e-05
3.050593807833992699e+00 1.048808111505650231e-02 1.000000000000000082e-05
3.040065094301664494e+00 1.049059190315878437e-02 1.000000000000000082e-05
3.029572719205598119e+00 1.049305658255336379e-02 1.000000000000000082e-05
3.019116557128576961e+00 1.049717026117054190e-02 1.000000000000000082e-05
3.008696483086243045e+00 1.050101061734391890e-02 1.000000000000000082e-05
2.998312372525607561e+00 1.050654531965514865e-02 1.000000000000000082e-05
2.987964101323558719e+00 1.051344762534584323e-02 1.000000000000000082e-05
2.977651545785378939e+00 1.052279337127915750e-02 1.000000000000000082e-05
2.967374582643266923e+00 1.053266719129689749e-02 1.000000000000000082e-05
2.957133089054861053e+00 1.054093394107074450e-02 1.000000000000000082e-05
2.946926942601776123e+00 1.055663922537392399e-02 1.000000000000000082e-05
2.936756021288137397e+00 1.056854891532693283e-02 1.000000000000000082e-05
2.926620203539121334e+00 1.057853338036533926e-02 1.000000000000000082e-05
2.916519368199505191e+00 1.059628828484449059e-02 1.000000000000000082e-05
2.906453394532213519e+00 1.060735490332230177e-02 1.000000000000000082e-05
2.896422162216882867e+00 1.061663959593116789e-02 1.000000000000000082e-05
2.886425551348417162e+00 1.062091243034214011e-02 1.000000000000000082e-05
2.876463442435556850e+00 1.064272802421802749e-02 1.000000000000000082e-05
2.866535716399450706e+00 1.065738368081963101e-02 1.000000000000000082e-05
2.856642254572232531e+00 1.064812644304807474e-02 1.000000000000000082e-05
2.846782938695599618e+00 1.066016544373400536e-02 1.000000000000000082e-05
2.836957650919405438e+00 1.066516438835335076e-02 1.000000000000000082e-05
2.827166273800245655e+00 1.065860598621253159e-02 1.000000000000000082e-05
2.817408690300056140e+00 1.066561602828874043e-02 1.000000000000000082e-05
2.807684783784714089e+00 1.066757676606154212e-02 1.000000000000000082e-05
2.797994438022642694e+00 1.066048962050558657e-02 1.000000000000000082e-05
2.788337537183423809e+00 1.064458633660172841e-02 1.000000000000000082e-05
2.778713965836412392e+00 1.067701793253005536e-02 1.000000000000000082e-05
2.769123608949356719e+00 1.067331751133993901e-02 1.000000000000000082e-05
2.759566351887023483e+00 1.070571432230211020e-02 1.000000000000000082e-05
2.750042080409825562e+00 1.067017354524160515e-02 1.000000000000000082e-05
2.740550680672460437e+00 1.068640252305265437e-02 1.000000000000000082e-05
2.731092039222547285e+00 1.068895815916448555e-02 1.000000000000000082e-05
2.721666042999270285e+00 1.069141640207340975e-02 1.000000000000000082e-05
2.712272579332028144e+00 1.071662105109921423e-02 1.000000000000000082e-05
2.702911535939085841e+00 1.069944813834721418e-02 1.000000000000000082e-05
2.693582800926234810e+00 1.072108234080050050e-02 1.000000000000000082e-05
2.684286262785454458e+00 1.069017759110452506e-02 1.000000000000000082e-05
2.675021810393577670e+00 1.068249784297931396e-02 1.000000000000000082e-05
2.665789333010966544e+00 1.067657608355323043e-02 1.000000000000000082e-05
2.656588720280182336e+00 1.062912425891773642e-02 1.000000000000000082e-05
2.647419862224673626e+00 1.055894397435854296e-02 1.000000000000000082e-05
2.638282649247456479e+00 1.053934540812060880e-02 1.000000000000000082e-05
2.629176972129806611e+00 1.054057812800670950e-02 1.000000000000000082e-05
2.620102722029954645e+00 1.054262839908167576e-02 1.000000000000000082e-05
2.611059790481780496e+00 1.054452114868474621e-02 1.000000000000000082e-05
2.602048069393523733e+00 1.054626059970495584e-02 1.000000000000000082e-05
2.593067451046486838e+00 1.054708283363389905e-02 1.000000000000000082e-05
2.584117828093748237e+00 1.054797718186670404e-02 1.000000000000000082e-05
2.575199093558881991e+00 1.054931586639239714e-02 1.000000000000000082e-05
2.566311140834673488e+00 1.055059824032648225e-02 1.000000000000000082e-05
2.557453863681850681e+00 1.055199886621402579e-02 1.000000000000000082e-05
2.548627156227812218e+00 1.055334655483104039e-02 1.000000000000000082e-05
2.539830912965361343e+00 1.055474498316427354e-02 1.000000000000000082e-05
2.531065028751445567e+00 1.055626594638917753e-02 1.000000000000000082e-05
2.522329398805897682e+00 1.055752895354308135e-02 1.000000000000000082e-05
2.513623918710186977e+00 1.055891835604956357e-02 1.000000000000000082e-05
2.504948484406169129e+00 1.056014326682722798e-02 1.000000000000000082e-05
2.496302992194841863e+00 1.056148156670115752e-02 1.000000000000000082e-05
2.487687338735106390e+00 1.056268914264535397e-02 1.000000000000000082e-05
2.479101421042532394e+00 1.056376687339858657e-02 1.000000000000000082e-05
2.470545136488123905e+00 1.056481335729568712e-02 1.000000000000000082e-05
2.462018382797097615e+00 1.056581979959284739e-02 1.000000000000000082e-05
2.453521058047657633e+00 1.056672423553095541e-02 1.000000000000000082e-05
2.445053060669776901e+00 1.056755597687697446e-02 1.000000000000000082e-05
2.436614289443983505e+00 1.056829184431124294e-02 1.000000000000000082e-05
2.428204643500150528e+00 1.056892813726379235e-02 1.000000000000000082e-05
2.419824022316292123e+00 1.056945445664576530e-02 1.000000000000000082e-05
2.411472325717358700e+00 1.056987854671722141e-02 1.000000000000000082e-05
2.403149453874043218e+00 1.057020730375440518e-02 1.000000000000000082e-05
2.394855307301584801e+00 1.057043382673856884e-02 1.000000000000000082e-05
2.386589786858580808e+00 1.057056279513145756e-02 1.000000000000000082e-05
2.378352793745801996e+00 1.057058928692811151e-02 1.000000000000000082e-05
2.370144229505012134e+00 1.057051239036993148e-02 1.000000000000000082e-05
2.361963996017789391e+00 1.057035730345174361e-02 1.000000000000000082e-05
2.353811995504354826e+00 1.057012114107399453e-02 1.000000000000000082e-05
2.345688130522402659e+00 1.056980377019665560e-02 1.000000000000000082e-05
2.337592303965936757e+00 1.056941651230348424e-02 1.000000000000000082e-05
2.329524419064110230e+00 1.056895622235742849e-02 1.000000000000000082e-05
2.321484379380064134e+00 1.056844546727776259e-02 1.000000000000000082e-05
2.313472088809783500e+00 1.056787731796541424e-02 1.000000000000000082e-05
2.305487451580938707e+00 1.056725698421533827e-02 1.000000000000000082e-05
2.297530372251747721e+00 1.056659516417386528e-02 1.000000000000000082e-05
2.289600755709833457e+00 1.056588702226253333e-02 1.000000000000000082e-05
2.281698507171085577e+00 1.056514068352717300e-02 1.000000000000000082e-05
2.273823532178528062e+00 1.056436281078167519e-02 1.000000000000000082e-05
2.265975736601190338e+00 1.056355556774891437e-02 1.000000000000000082e-05
2.258155026632982398e+00 1.056272571988559929e-02 1.000000000000000082e-05
2.250361308791574366e+00 1.056188292798152309e-02 1.000000000000000082e-05
2.242594489917276501e+00 1.056102539217490185e-02 1.000000000000000082e-05
2.234854477171928533e+00 1.056014991912180602e-02 1.000000000000000082e-05
2.227141178037786773e+00 1.055927316218466944e-02 1.000000000000000082e-05
2.219454500316421885e+00 1.055840887015445026e-02 1.000000000000000082e-05
2.211794352127613994e+00 1.055751856377512912e-02 1.000000000000000082e-05
2.204160641908255780e+00 1.055666677271242110e-02 1.000000000000000082e-05
2.196553278411258692e+00 1.055583251631621658e-02 1.000000000000000082e-05
2.188972170704458264e+00 1.055502760144289703e-02 1.000000000000000082e-05
2.181417228169532763e+00 1.055446588115890177e-02 1.000000000000000082e-05
2.173888360500916495e+00 1.055374719570177297e-02 1.000000000000000082e-05
2.166385477704721563e+00 1.055285670340074672e-02 1.000000000000000082e-05
2.158908490097661392e+00 1.055222676329164652e-02 1.000000000000000082e-05
2.151457308305980476e+00 1.055174282843569615e-02 1.000000000000000082e-05
2.144031843264382342e+00 1.055128902053490032e-02 1.000000000000000082e-05
2.136632006214969515e+00 1.055090471150971904e-02 1.000000000000000082e-05
2.129257708706179475e+00 1.055038141639167565e-02 1.000000000000000082e-05
2.121908862591728617e+00 1.055010073320790213e-02 1.000000000000000082e-05
2.114585380029558870e+00 1.054980398501142655e-02 1.000000000000000082e-05
2.107287173480786091e+00 1.054835583753270696e-02 1.000000000000000082e-05
2.100014155708655128e+00 1.054915475056798953e-02 1.000000000000000082e-05
2.092766239777497983e+00 1.054835573240189665e-02 1.000000000000000082e-05
2.085543339051691536e+00 1.054725144231225334e-02 1.000000000000000082e-05
2.078345367194625481e+00 1.054671948951671316e-02 1.000000000000000082e-05
2.071172238167667601e+00 1.054792999111297223e-02 1.000000000000000082e-05
2.064023866229136139e+00 1.054833707575780419e-02 1.000000000000000082e-05
2.056900165933276181e+00 1.054943005766736247e-02 1.000000000000000082e-05
2.049801052129237799e+00 1.055066488982539345e-02 1.000000000000000082e-05
2.042726439960056428e+00 1.055017979225042826e-02 1.000000000000000082e-05
2.035676244861639450e+00 1.055531695322328885e-02 1.000000000000000082e-05
2.028650382561757670e+00 1.055823153760881115e-02 1.000000000000000082e-05
2.021648769079035013e+00 1.054810801489972777e-02 1.000000000000000082e-05
2.014671320721946213e+00 1.055384712687266677e-02 1.000000000000000082e-05
2.007717954087816281e+00 1.054964031613919370e-02 1.000000000000000082e-05
2.000788586061821750e+00 1.054785620001351919e-02 1.000000000000000082e-05
1.993883133816000131e+00 1.053670333963798236e-02 1.000000000000000082e-05
1.987001514808258484e+00 1.053117255345297973e-02 1.000000000000000082e-05
1.980143646781386879e+00 1.053182950470963816e-02 1.000000000000000082e-05
1.973309447762074287e+00 1.053367739744496406e-02 1.000000000000000082e-05
1.966498836059930255e+00 1.053713697974737601e-02 1.000000000000000082e-05
1.959711730266506580e+00 1.053125931442349013e-02 1.000000000000000082e-05
1.952948049254327190e+00 1.053307284217470767e-02 1.000000000000000082e-05
1.946207712175915150e+00 1.053067715938355367e-02 1.000000000000000082e-05
1.939490638462828764e+00 1.052901985343623892e-02 1.000000000000000082e-05
1.932796747824695682e+00 1.052594975892566682e-02 1.000000000000000082e-05
1.926125960248256330e+00 1.052205808962998305e-02 1.000000000000000082e-05
1.919478195996406011e+00 1.051932277023581719e-02 1.000000000000000082e-05
1.912853375607242112e+00 1.051811404252808030e-02 1.000000000000000082e-05
1.906251419893113974e+00 1.051698960209972340e-02 1.000000000000000082e-05
1.899672249939674984e+00 1.051582648787420873e-02 1.000000000000000082e-05
1.893115787104942660e+00 1.051468795375198016e-02 1.000000000000000082e-05
1.886581953018356517e+00 1.051351931603868028e-02 1.000000000000000082e-05
1.880070669579839704e+00 1.051233577832660568e-02 1.000000000000000082e-05
1.873581858958870194e+00 1.051116269000391783e-02 1.000000000000000082e-05
1.867115443593545088e+00 1.050996768910295032e-02 1.000000000000000082e-05
1.860671346189656239e+00 1.050877366842410850e-02 1.000000000000000082e-05
1.854249489719767219e+00 1.050758288589730312e-02 1.000000000000000082e-05
1.847849797422290719e+00 1.050640553610986301e-02 1.000000000000000082e-05
1.841472192800571728e+00 1.050523770146805959e-02 1.000000000000000082e-05
1.835116599621973377e+00 1.050402128556107532e-02 1.000000000000000082e-05
1.828782941916964777e+00 1.050279257272498240e-02 1.000000000000000082e-05
1.822471143978214414e+00 1.050157139031590754e-02 1.000000000000000082e-05
1.816181130359683538e+00 1.050026496634123147e-02 1.000000000000000082e-05
1.809912825875726661e+00 1.049897228223965924e-02 1.000000000000000082e-05
1.803666155600190946e+00 1.049764103690729519e-02 1.000000000000000082e-05
1.797441044865519366e+00 1.049623866356997649e-02 1.000000000000000082e-05
1.791237419261862085e+00 1.049485304881214894e-02 1.000000000000000082e-05
1.785055204636183612e+00 1.049341441668507138e-02 1.000000000000000082e-05
1.778894327091378846e+00 1.049190653805108162e-02 1.000000000000000082e-05
1.772754712985387560e+00 1.049041388805322175e-02 1.000000000000000082e-05
1.766636288930314658e+00 1.048888805187376573e-02 1.000000000000000082e-05
1.760538981791555102e+00 1.048724248066762801e-02 1.000000000000000082e-05
1.754462718686916833e+00 1.048558661944499516e-02 1.000000000000000082e-05
1.748407426985751467e+00 1.048394120213328416e-02 1.000000000000000082e-05
1.742373034308085433e+00 1.048228270856445613e-02 1.000000000000000082e-05
1.736359468523754224e+00 1.048058646128424698e-02 1.000000000000000082e-05
1.730366657751541970e+00 1.047886956013035012e-02 1.000000000000000082e-05
1.724394530358320354e+00 1.047713810693769870e-02 1.000000000000000082e-05
1.718443014958193293e+00 1.047538155395736498e-02 1.000000000000000082e-05
1.712512040411644287e+00 1.047361757570049873e-02 1.000000000000000082e-05
1.706601535824683546e+00 1.047185890394075614e-02 1.000000000000000082e-05
1.700711430548004000e+00 1.047009751168668720e-02 1.000000000000000082e-05
1.694841654176134194e+00 1.046828530543892147e-02 1.000000000000000082e-05
1.688992136546598521e+00 1.046644752715928002e-02 1.000000000000000082e-05
1.683162807739077449e+00 1.046462804992223487e-02 1.000000000000000082e-05
1.677353598074570851e+00 1.046278607357902131e-02 1.000000000000000082e-05
1.671564438114567119e+00 1.046089795517756403e-02 1.000000000000000082e-05
1.665795258660213385e+00 1.045904611360284897e-02 1.000000000000000082e-05
1.660045990751485512e+00 1.045716920380248063e-02 1.000000000000000082e-05
1.654316565666367200e+00 1.045530248297246549e-02 1.000000000000000082e-05
1.648606914920025091e+00 1.045337002677316530e-02 1.000000000000000082e-05
1.642916970263993637e+00 1.045155116472729941e-02 1.000000000000000082e-05
1.637246663685356651e+00 1.044952469997895150e-02 1.000000000000000082e-05
1.631595927405935953e+00 1.044761235081309234e-02 1.000000000000000082e-05
1.625964693881481571e+00 1.044570798907728908e-02 1.000000000000000082e-05
1.620352895800860393e+00 1.044374495401165399e-02 1.000000000000000082e-05
1.614760466085257251e+00 1.044153013731374813e-02 1.000000000000000082e-05
1.609187337887370006e+00 1.043924853777757414e-02 1.000000000000000082e-05
1.603633444590610413e+00 1.043744159441709757e-02 1.000000000000000082e-05
1.598098719808308532e+00 1.043515721699988727e-02 1.000000000000000082e-05
1.592583097382920032e+00 1.043314199269765145e-02 1.000000000000000082e-05
1.587086511385232601e+00 1.043092631702681808e-02 1.000000000000000082e-05
1.581608896113581242e+00 1.042943956375710565e-02 1.000000000000000082e-05
1.576150186093060457e+00 1.042705822789221498e-02 1.000000000000000082e-05
1.570710316074743762e+00 1.042484889478928825e-02 1.000000000000000082e-05
1.565289221034901423e+00 1.042258728114229746e-02 1.000000000000000082e-05
1.559886836174224412e+00 1.041970859908867772e-02 1.000000000000000082e-05
1.554503096917050353e+00 1.041759830340866291e-02 1.000000000000000082e-05
1.549137938910590817e+00 1.041558230040734098e-02 1.000000000000000082e-05
1.543791298024162373e+00 1.041364934461759713e-02 1.000000000000000082e-05
1.538463110348420537e+00 1.041167038155449073e-02 1.000000000000000082e-05
1.533153312194593498e+00 1.040976321960967663e-02 1.000000000000000082e-05
1.527861840093724721e+00 1.040774889911452034e-02 1.000000000000000082e-05
1.522588630795911113e+00 1.040581875084547851e-02 1.000000000000000082e-05
1.517333621269548738e+00 1.040389227353863584e-02 1.000000000000000082e-05
1.512096748700578752e+00 1.040192478586185638e-02 1.000000000000000082e-05
1.506877950491735341e+00 1.040003891547462873e-02 1.000000000000000082e-05
1.501677164261799868e+00 1.039824310784354111e-02 1.000000000000000082e-05
1.496494327844854144e+00 1.039647811753770072e-02 1.000000000000000082e-05
1.491329379289536794e+00 1.039487590345472209e-02 1.000000000000000082e-05
1.486182256858303852e+00 1.039343396727277803e-02 1.000000000000000082e-05
1.481052899026688685e+00 1.039174225027531678e-02 1.000000000000000082e-05
1.475941244482569692e+00 1.039045186861642378e-02 1.000000000000000082e-05
1.470847232125435111e+00 1.038907805639712779e-02 1.000000000000000082e-05
1.465770801065653384e+00 1.038764142779659630e-02 1.000000000000000082e-05
1.460711890623745735e+00 1.038688068434204075e-02 1.000000000000000082e-05
1.455670440329659421e+00 1.038479853850468766e-02 1.000000000000000082e-05
1.450646389922046753e+00 1.038283661613967519e-02 1.000000000000000082e-05
1.445639679347544115e+00 1.038270248130747711e-02 1.000000000000000082e-05
1.440650248760053431e+00 1.038134261425774189e-02 1.000000000000000082e-05
1.435678038520027844e+00 1.037681640930543381e-02 1.000000000000000082e-05
1.430722989193757622e+00 1.037790737126554307e-02 1.000000000000000082e-05
1.425785041552661170e+00 1.037332905187982914e-02 1.000000000000000082e-05
1.420864136572576264e+00 1.037207904559194968e-02 1.000000000000000082e-05
1.415960215433054614e+00 1.037089710682546559e-02 1.000000000000000082e-05
1.411073219516658872e+00 1.036978383758060777e-02 1.000000000000000082e-05
1.406203090408260969e+00 1.036873842441274514e-02 1.000000000000000082e-05
1.401349769894345787e+00 1.036775786932454292e-02 1.000000000000000082e-05
1.396513199962314378e+00 1.036683741688973828e-02 1.000000000000000082e-05
1.391693322799789856e+00 1.036595801792499980e-02 1.000000000000000082e-05
1.386890080793927060e+00 1.036509876864390514e-02 1.000000000000000082e-05
1.382103416530724660e+00 1.036426273342582437e-02 1.000000000000000082e-05
1.377333272794336594e+00 1.036344741428671563e-02 1.000000000000000082e-05
1.372579592566390394e+00 1.036265084173220059e-02 1.000000000000000082e-05
1.367842319025305065e+00 1.036188933318053090e-02 1.000000000000000082e-05
1.363121395545610959e+00 1.036118947134207977e-02 1.000000000000000082e-05
1.358416765697274764e+00 1.036054569436172489e-02 1.000000000000000082e-05
1.353728373245021821e+00 1.035997064904301164e-02 1.000000000000000082e-05
1.349056162147667770e+00 1.035949082228718003e-02 1.000000000000000082e-05
1.344400076557446422e+00 1.035909733904269610e-02 1.000000000000000082e-05
1.339760060819342069e+00 1.035879531674219374e-02 1.000000000000000082e-05
1.335136059470425796e+00 1.035858736147168661e-02 1.000000000000000082e-05
1.330528017239190008e+00 1.035847259000507482e-02 1.000000000000000082e-05
1.325935879044890520e+00 1.035845466515183944e-02 1.000000000000000082e-05
1.321359589996886630e+00 1.035853122970837974e-02 1.000000000000000082e-05
1.316799095393985208e+00 1.035872310662874947e-02 1.000000000000000082e-05
1.312254340723786994e+00 1.035900945566717996e-02 1.000000000000000082e-05
1.307725271662034672e+00 1.035933961623068320e-02 1.000000000000000082e-05
1.303211834071963615e+00 1.035975793455070140e-02 1.000000000000000082e-05
1.298713974003655958e+00 1.036019988908028905e-02 1.000000000000000082e-05
1.294231637693393555e+00 1.036065177478527437e-02 1.000000000000000082e-05
1.289764771563017609e+00 1.036112131377273267e-02 1.000000000000000082e-05
1.285313322219285626e+00 1.036163472656535453e-02 1.000000000000000082e-05
1.280877236453235923e+00 1.036218864697301643e-02 1.000000000000000082e-05
1.276456461239549922e+00 1.036283182472831112e-02 1.000000000000000082e-05
1.272050943735919315e+00 1.036358527217482936e-02 1.000000000000000082e-05
1.267660631282413242e+00 1.036444673072896110e-02 1.000000000000000082e-05
1.263285471400849236e+00 1.036537894242985959e-02 1.000000000000000082e-05
1.258925411794167060e+00 1.036637076891640079e-02 1.000000000000000082e-05
1.254580400345802538e+00 1.036739035731014912e-02 1.000000000000000082e-05
1.250250385119064500e+00 1.036834499097621584e-02 1.000000000000000082e-05
1.245935314356514167e+00 1.036927796941273898e-02 1.000000000000000082e-05
1.241635136479347201e+00 1.037011147312993063e-02 1.000000000000000082e-05
1.237349800086775753e+00 1.037090616818786212e-02 1.000000000000000082e-05
1.233079253955415622e+00 1.037149633164932173e-02 1.000000000000000082e-05
1.228823447038672745e+00 1.037203375617405839e-02 1.000000000000000082e-05
1.224582328466133463e+00 1.037241000684966524e-02 1.000000000000000082e-05
1.220355847542956784e+00 1.037271257068211536e-02 1.000000000000000082e-05
1.216143953749267981e+00 1.037285167849797893e-02 1.000000000000000082e-05
1.211946596739555293e+00 1.037280631628662367e-02 1.000000000000000082e-05
1.207763726342066857e+00 1.037262479000188552e-02 1.000000000000000082e-05
1.203595292558212515e+00 1.037215762543757316e-02 1.000000000000000082e-05
1.199441245561964964e+00 1.037156286552396063e-02 1.000000000000000082e-05
1.195301535699265560e+00 1.037092838326495597e-02 1.000000000000000082e-05
1.191176113487429022e+00 1.037026067158400115e-02 1.000000000000000082e-05
1.187064929614553677e+00 1.036964139100204040e-02 1.000000000000000082e-05
1.182967934938930599e+00 1.036913348576062009e-02 1.000000000000000082e-05
1.178885080488457193e+00 1.036876668884627491e-02 1.000000000000000082e-05
1.174816317460051440e+00 1.036856284788821234e-02 1.000000000000000082e-05
1.170761597219068806e+00 1.036850840718523889e-02 1.000000000000000082e-05
1.166720871298720041e+00 1.036855308253756443e-02 1.000000000000000082e-05
1.162694091399492979e+00 1.036864972439406445e-02 1.000000000000000082e-05
1.158681209388574773e+00 1.036880565348387642e-02 1.000000000000000082e-05
1.154682177299276358e+00 1.036899950759544338e-02 1.000000000000000082e-05
1.150696947330458908e+00 1.036919061920007004e-02 1.000000000000000082e-05
1.146725471845963629e+00 1.036943012357701560e-02 1.000000000000000082e-05
1.142767703374040211e+00 1.036973528241827945e-02 1.000000000000000082e-05
1.138823594606781953e+00 1.037010178190200804e-02 1.000000000000000082e-05
1.134893098399558653e+00 1.037052141101814720e-02 1.000000000000000082e-05
1.130976167770452845e+00 1.037094845601962793e-02 1.000000000000000082e-05
1.127072755899699796e+00 1.037133345212846655e-02 1.000000000000000082e-05
1.123182816129126183e+00 1.037164014468535539e-02 1.000000000000000082e-05
1.119306301961593197e+00 1.037182669510409300e-02 1.000000000000000082e-05
1.115443167060440777e+00 1.037191927032916558e-02 1.000000000000000082e-05
1.111593365248933596e+00 1.037194671230915605e-02 1.000000000000000082e-05
1.107756850509709068e+00 1.037184468120791285e-02 1.000000000000000082e-05
1.103933576984227338e+00 1.037165741431067545e-02 1.000000000000000082e-05
1.100123498972222835e+00 1.037141105226825101e-02 1.000000000000000082e-05
1.096326570931159150e+00 1.037113598895936933e-02 1.000000000000000082e-05
1.092542747475682585e+00 1.037076385720380432e-02 1.000000000000000082e-05
1.088771983377081920e+00 1.037035397778856075e-02 1.000000000000000082e-05
1.085014233562746178e+00 1.036985064538516015e-02 1.000000000000000082e-05
1.081269453115626833e+00 1.036922700212764697e-02 1.000000000000000082e-05
1.077537597273700021e+00 1.036844290826785704e-02 1.000000000000000082e-05
1.073818621429432074e+00 1.036750167505518828e-02 1.000000000000000082e-05
1.070112481129246618e+00 1.036643925039671711e-02 1.000000000000000082e-05
1.066419132072992548e+00 1.036529183389015701e-02 1.000000000000000082e-05
1.062738530113414459e+00 1.036410555534129224e-02 1.000000000000000082e-05
1.059070631255625727e+00 1.036287630917561570e-02 1.000000000000000082e-05
1.055415391656582269e+00 1.036160009177951140e-02 1.000000000000000082e-05
1.051772767624557403e+00 1.036028790744580874e-02 1.000000000000000082e-05
1.048142715618621823e+00 1.035894364450266197e-02 1.000000000000000082e-05
1.044525192248120904e+00 1.035756177891099770e-02 1.000000000000000082e-05
1.040920154272157561e+00 1.035614922835529500e-02 1.000000000000000082e-05
1.037327558599074662e+00 1.035471338137702174e-02 1.000000000000000082e-05
1.033747362285940108e+00 1.035327684181476179e-02 1.000000000000000082e-05
1.030179522538033465e+00 1.035185292525725789e-02 1.000000000000000082e-05
1.026623996708334374e+00 1.035044027215056145e-02 1.000000000000000082e-05
1.023080742297013623e+00 1.034907212844652508e-02 1.000000000000000082e-05
1.019549716950923779e+00 1.034774436638813758e-02 1.000000000000000082e-05
1.016030878463093812e+00 1.034645260793463570e-02 1.000000000000000082e-05
1.012524184772224167e+00 1.034520184626768098e-02 1.000000000000000082e-05
1.009029593962184501e+00 1.034399080907967561e-02 1.000000000000000082e-05
1.005547064261512080e+00 1.034282388212550211e-02 1.000000000000000082e-05
1.002076554042913292e+00 1.034170923995575767e-02 1.000000000000000082e-05
9.986180218227644900e-01 1.034129937352846508e-02 1.000000000000000082e-05
9.951714262606181638e-01 1.034187105347191687e-02 1.000000000000000082e-05
9.917367261587071159e-01 1.034246059373126331e-02 1.000000000000000082e-05
9.883138804614532980e-01 1.034305829902411149e-02 1.000000000000000082e-05
9.849028482549762042e-01 1.034365878532035599e-02 1.000000000000000082e-05
9.815035887666034853e-01 1.034426741778724131e-02 1.000000000000000082e-05
9.781160613643850033e-01 1.034488987423396941e-02 1.000000000000000082e-05
9.747402255566062212e-01 1.034551997164302219e-02 1.000000000000000082e-05
9.713760409913038130e-01 1.034615749058568485e-02 1.000000000000000082e-05
9.680234674557843810e-01 1.034680241776824924e-02 1.000000000000000082e-05
9.646824648761423981e-01 1.034745454460269526e-02 1.000000000000000082e-05
9.613529933167831443e-01 1.034810731234823457e-02 1.000000000000000082e-05
9.580350129799434233e-01 1.034876690354626441e-02 1.000000000000000082e-05
9.547284842052168319e-01 1.034943940909508614e-02 1.000000000000000082e-05
9.514333674690795828e-01 1.035011877728755740e-02 1.000000000000000082e-05
9.481496233844181054e-01 1.035080474105689978e-02 1.000000000000000082e-05
9.448772127000578669e-01 1.035149700976927163e-02 1.000000000000000082e-05
9.416160963002947470e-01 1.035219551091761184e-02 1.000000000000000082e-05
9.383662352044269683e-01 1.035290041076454906e-02 1.000000000000000082e-05
9.351275905662896903e-01 1.035360448011434648e-02 1.000000000000000082e-05
9.319001236737901595e-01 1.035431438340048312e-02 1.000000000000000082e-05
9.286837959484450788e-01 1.035503721646609081e-02 1.000000000000000082e-05
9.254785689449199770e-01 1.035576595721247189e-02 1.000000000000000082e-05
9.222844043505689093e-01 1.035650067341993379e-02 1.000000000000000082e-05
9.191012639849770460e-01 1.035724108006683304e-02 1.000000000000000082e-05
9.159291097995042596e-01 1.035798739471698211e-02 1.000000000000000082e-05
9.127679038768297115e-01 1.035873217768860759e-02 1.000000000000000082e-05
9.096176084304995468e-01 1.035948254154233847e-02 1.000000000000000082e-05
9.064781858044744789e-01 1.036024557010123762e-02 1.000000000000000082e-05
9.033495984726801487e-01 1.036101409124512429e-02 1.000000000000000082e-05
9.002318090385583726e-01 1.036178788944342767e-02 1.000000000000000082e-05
8.971247802346199451e-01 1.036256707720676490e-02 1.000000000000000082e-05
8.940284749219998828e-01 1.036335159435216452e-02 1.000000000000000082e-05
8.909428560900120031e-01 1.036413332003330995e-02 1.000000000000000082e-05
8.878678868557084991e-01 1.036492056871907153e-02 1.000000000000000082e-05
8.848035304634381815e-01 1.036572000527568281e-02 1.000000000000000082e-05
8.817497502844059420e-01 1.036652472424857627e-02 1.000000000000000082e-05
8.787065098162369914e-01 1.036733454573926343e-02 1.000000000000000082e-05
8.756737726825390977e-01 1.036814912221254575e-02 1.000000000000000082e-05
8.726515026324686009e-01 1.036896911865881066e-02 1.000000000000000082e-05
8.696396635402963149e-01 1.036978705589347745e-02 1.000000000000000082e-05
8.666382194049767618e-01 1.037060874179146150e-02 1.000000000000000082e-05
8.636471343497165165e-01 1.037144414009980205e-02 1.000000000000000082e-05
8.606663726215465493e-01 1.037228452021456485e-02 1.000000000000000082e-05
8.576958985908940125e-01 1.037312959154235159e-02 1.000000000000000082e-05
8.547356767511573583e-01 1.037397861423108684e-02 1.000000000000000082e-05
8.517856717182803461e-01 1.037483092838879968e-02 1.000000000000000082e-05
8.488458482303309349e-01 1.037568630627779681e-02 1.000000000000000082e-05
8.459161711470787326e-01 1.037653677449872427e-02 1.000000000000000082e-05
8.429966054495742211e-01 1.037739135991207901e-02 1.000000000000000082e-05
8.400871162397323122e-01 1.037825907704578027e-02 1.000000000000000082e-05
8.371876687399134598e-01 1.037913200673957516e-02 1.000000000000000082e-05
8.342982282925079929e-01 1.038001024586667279e-02 1.000000000000000082e-05
8.314187603595231124e-01 1.038089372783172933e-02 1.000000000000000082e-05
8.285492305221686671e-01 1.038178226791549447e-02 1.000000000000000082e-05
8.256896044804463708e-01 1.038266706260116030e-02 1.000000000000000082e-05
8.228398480527401304e-01 1.038355647872781298e-02 1.000000000000000082e-05
8.199999271754067065e-01 1.038445895011036110e-02 1.000000000000000082e-05
8.171698079023693717e-01 1.038536564836297499e-02 1.000000000000000082e-05
8.143494564047111250e-01 1.038627635836064655e-02 1.000000000000000082e-05
8.115388389702714589e-01 1.038719102832885710e-02 1.000000000000000082e-05
8.087379220032424598e-01 1.038810958777192962e-02 1.000000000000000082e-05
8.059466720237676851e-01 1.038902312276444341e-02 1.000000000000000082e-05
8.031650556675422603e-01 1.038994056736004638e-02 1.000000000000000082e-05
8.003930396854131990e-01 1.039087077517181559e-02 1.000000000000000082e-05
7.976305909429827201e-01 1.039180486929489229e-02 1.000000000000000082e-05
7.948776764202123424e-01 1.039274247710098888e-02 1.000000000000000082e-05
7.921342632110268678e-01 1.039368365476670691e-02 1.000000000000000082e-05
7.894003185229230279e-01 1.039462859205396092e-02 1.000000000000000082e-05
7.866758096765755770e-01 1.039556808173163621e-02 1.000000000000000082e-05
7.839607041054481584e-01 1.039651109294280860e-02 1.000000000000000082e-05
7.812549693554032837e-01 1.039746685230642613e-02 1.000000000000000082e-05
7.785585730843143093e-01 1.039842632112398559e-02 1.000000000000000082e-05
7.758714830616794123e-01 1.039938955061468426e-02 1.000000000000000082e-05
7.731936671682356765e-01 1.040035658043555328e-02 1.000000000000000082e-05
7.705250933955758441e-01 1.040132752941338827e-02 1.000000000000000082e-05
7.678657298457650660e-01 1.040229298862703836e-02 1.000000000000000082e-05
7.652155447309600955e-01 1.040326233592299247e-02 1.000000000000000082e-05
7.625745063730290374e-01 1.040424498548785624e-02 1.000000000000000082e-05
7.599425832031728723e-01 1.040523150601302405e-02 1.000000000000000082e-05
7.573197437615479810e-01 1.040622181405563736e-02 1.000000000000000082e-05
7.547059566968904454e-01 1.040721584921846903e-02 1.000000000000000082e-05
7.521011907661403484e-01 1.040821354452576078e-02 1.000000000000000082e-05
7.495054148340697386e-01 1.040921483871342854e-02 1.000000000000000082e-05
7.469185978729090403e-01 1.041020998085219994e-02 1.000000000000000082e-05
7.443407089619774597e-01 1.041120854282640874e-02 1.000000000000000082e-05
7.417717172873123932e-01 1.041222018541969503e-02 1.000000000000000082e-05
7.392115921413013879e-01 1.041323517872810508e-02 1.000000000000000082e-05
7.366603029223155463e-01 1.041425346978669050e-02 1.000000000000000082e-05
7.341178191343432635e-01 1.041527499942910412e-02 1.000000000000000082e-05
7.315841103866254080e-01 1.041629970286368605e-02 1.000000000000000082e-05
7.290591463932929450e-01 1.041731764412339063e-02 1.000000000000000082e-05
7.265428969730043374e-01 1.041833859757227559e-02 1.000000000000000082e-05
7.240353320485846123e-01 1.041937247934317072e-02 1.000000000000000082e-05
7.215364216466665370e-01 1.042040934047769492e-02 1.000000000000000082e-05
7.190461358973314621e-01 1.042144910958925710e-02 1.000000000000000082e-05
7.165644450337531612e-01 1.042249178988186031e-02 1.000000000000000082e-05
7.140913193918412283e-01 1.042353726714832958e-02 1.000000000000000082e-05
7.116267294098871377e-01 1.042457546500439626e-02 1.000000000000000082e-05
7.091706456282106386e-01 1.042561634902374260e-02 1.000000000000000082e-05
7.067230386888071481e-01 1.042667003785005368e-02 1.000000000000000082e-05
7.042838793349980309e-01 1.042772638437620275e-02 1.000000000000000082e-05
7.018531384110794358e-01 1.042878534153583898e-02 1.000000000000000082e-05
6.994307868619747959e-01 1.042984686718175305e-02 1.000000000000000082e-05
6.970167957328873287e-01 1.043091091775439662e-02 1.000000000000000082e-05
6.946111361689536468e-01 1.043196718387104892e-02 1.000000000000000082e-05
6.922137794148991441e-01 1.043302586025491099e-02 1.000000000000000082e-05
6.898246968146941605e-01 1.043409721247074221e-02 1.000000000000000082e-05
6.874438598112112553e-01 1.043517094000907634e-02 1.000000000000000082e-05
6.850712399458843693e-01 1.043624700403383496e-02 1.000000000000000082e-05
6.827068088583683192e-01 1.043732536542909053e-02 1.000000000000000082e-05
6.803505382861995132e-01 1.043840598731111784e-02 1.000000000000000082e-05
6.780024000644588877e-01 1.043948883922496407e-02 1.000000000000000082e-05
6.756623661254343993e-01 1.044056344198126748e-02 1.000000000000000082e-05
6.733304084982861815e-01 1.044164017496576440e-02 1.000000000000000082e-05
6.710064993087119234e-01 1.044272947509866309e-02 1.000000000000000082e-05
6.686906107786136921e-01 1.044382086277660313e-02 1.000000000000000082e-05
6.663827152257657538e-01 1.044491429695863956e-02 1.000000000000000082e-05
6.640827850634841711e-01 1.044600973727828966e-02 1.000000000000000082e-05
6.617907928002964013e-01 1.044710713068206127e-02 1.000000000000000082e-05
6.595067110396133359e-01 1.044819582435308099e-02 1.000000000000000082e-05
6.572305124794011189e-01 1.044928631450895568e-02 1.000000000000000082e-05
6.549621699118556295e-01 1.045038916397144323e-02 1.000000000000000082e-05
6.527016562230764096e-01 1.045149377878610425e-02 1.000000000000000082e-05
6.504489443927432557e-01 1.045260016645408081e-02 1.000000000000000082e-05
6.482040074937928109e-01 1.045370832685075732e-02 1.000000000000000082e-05
6.459668186920969335e-01 1.045481825127362457e-02 1.000000000000000082e-05
6.437373512461417313e-01 1.045591921865818806e-02 1.000000000000000082e-05
6.415155785067082617e-01 1.045702187491533847e-02 1.000000000000000082e-05
6.393014739165535643e-01 1.045813690859850181e-02 1.000000000000000082e-05
6.370950110100935815e-01 1.045925358803965685e-02 1.000000000000000082e-05
6.348961634130865228e-01 1.046037187757174400e-02 1.000000000000000082e-05
6.327049048423176725e-01 1.046149174141839007e-02 1.000000000000000082e-05
6.305212091052856405e-01 1.046261314770355506e-02 1.000000000000000082e-05
6.283450500998885024e-01 1.046372525465968928e-02 1.000000000000000082e-05
6.261764018141126042e-01 1.046483880506015804e-02 1.000000000000000082e-05
6.240152383257208113e-01 1.046596458763268851e-02 1.000000000000000082e-05
6.218615338019436445e-01 1.046709176572208425e-02 1.000000000000000082e-05
6.197152624991695280e-01 1.046822031537103168e-02 1.000000000000000082e-05
6.175763987626374796e-01 1.046935021825080338e-02 1.000000000000000082e-05
6.154449170261309110e-01 1.047048146144373588e-02 1.000000000000000082e-05
6.133207918116708735e-01 1.047161402732618013e-02 1.000000000000000082e-05
6.112039977292130777e-01 1.047273698427644839e-02 1.000000000000000082e-05
6.090945094763428047e-01 1.047386120040217673e-02 1.000000000000000082e-05
6.069923018379737023e-01 1.047499757959586067e-02 1.000000000000000082e-05
6.048973496860456933e-01 1.047613519244368178e-02 1.000000000000000082e-05
6.028096279792246603e-01 1.047727401582457946e-02 1.000000000000000082e-05
6.007291117626035737e-01 1.047841402738706323e-02 1.000000000000000082e-05
5.986557761674037303e-01 1.047955520430194146e-02 1.000000000000000082e-05
5.965895964106779914e-01 1.048068653399999127e-02 1.000000000000000082e-05
5.945305477950134643e-01 1.048181896792116721e-02 1.000000000000000082e-05
5.924786057082378488e-01 1.048296349060032912e-02 1.000000000000000082e-05
5.904337456231240067e-01 1.048410909324760422e-02 1.000000000000000082e-05
5.883959430970974180e-01 1.048525575552726116e-02 1.000000000000000082e-05
5.863651737719436374e-01 1.048640345716915674e-02 1.000000000000000082e-05
5.843414133735175264e-01 1.048755217858635819e-02 1.000000000000000082e-05
5.823246377114527084e-01 1.048869083891135028e-02 1.000000000000000082e-05
5.803148226788725772e-01 1.048983046468138572e-02 1.000000000000000082e-05
5.783119442521024167e-01 1.049098211136477096e-02 1.000000000000000082e-05
5.763159784903816307e-01 1.049213470240099172e-02 1.000000000000000082e-05
5.743269015355783047e-01 1.049328821996526120e-02 1.000000000000000082e-05
5.723446896119033234e-01 1.049444264670175778e-02 1.000000000000000082e-05
5.703693190256267087e-01 1.049559796560336350e-02 1.000000000000000082e-05
5.684007661647941800e-01 1.049674303721183366e-02 1.000000000000000082e-05
5.664390074989447132e-01 1.049788895425343531e-02 1.000000000000000082e-05
5.644840195788299875e-01 1.049904683430742496e-02 1.000000000000000082e-05
5.625357790361328325e-01 1.050020554156105845e-02 1.000000000000000082e-05
5.605942625831897841e-01 1.050136506061413906e-02 1.000000000000000082e-05
5.586594470127105305e-01 1.050252537645016832e-02 1.000000000000000082e-05
5.567313091975020223e-01 1.050368647428657522e-02 1.000000000000000082e-05
5.548098260901916934e-01 1.050484833968513311e-02 1.000000000000000082e-05
5.528949747229519041e-01 1.050599977438806953e-02 1.000000000000000082e-05
5.509867322072251605e-01 1.050715193647114125e-02 1.000000000000000082e-05
5.490850757334508891e-01 1.050831600543434587e-02 1.000000000000000082e-05
5.471899825707925435e-01 1.050948078618428247e-02 1.000000000000000082e-05
5.453014300668660441e-01 1.051064626424118471e-02 1.000000000000000082e-05
5.434193956474691056e-01 1.051181242481482973e-02 1.000000000000000082e-05
5.415438568163110089e-01 1.051297925361128517e-02 1.000000000000000082e-05
5.396747911547442600e-01 1.051413550738279981e-02 1.000000000000000082e-05
5.378121763214959161e-01 1.051529239455380009e-02 1.000000000000000082e-05
5.359559900524011322e-01 1.051646114302903084e-02 1.000000000000000082e-05
5.341062101601370404e-01 1.051763051488854676e-02 1.000000000000000082e-05
5.322628145339568517e-01 1.051880049949606780e-02 1.000000000000000082e-05
5.304257811394265110e-01 1.051997108609069830e-02 1.000000000000000082e-05
5.285950880181605749e-01 1.052114226351145293e-02 1.000000000000000082e-05
5.267707132875599774e-01 1.052230275005218950e-02 1.000000000000000082e-05
5.249526351405507940e-01 1.052346379594400021e-02 1.000000000000000082e-05
5.231408318453227846e-01 1.052463666722648974e-02 1.000000000000000082e-05
5.213352817450707111e-01 1.052581008360238372e-02 1.000000000000000082e-05
5.195359632577344344e-01 1.052698403468682944e-02 1.000000000000000082e-05
5.177428548757415649e-01 1.052815851128868427e-02 1.000000000000000082e-05
5.159559351657502235e-01 1.052933350428238851e-02 1.000000000000000082e-05
5.141751827683925802e-01 1.053049769803451712e-02 1.000000000000000082e-05
5.124005763980202799e-01 1.053166238141810783e-02 1.000000000000000082e-05
5.106320948424488693e-01 1.053283885750252308e-02 1.000000000000000082e-05
5.088697169627055539e-01 1.053401581263703826e-02 1.000000000000000082e-05
5.071134216927754013e-01 1.053519323778791955e-02 1.000000000000000082e-05
5.053631880393500975e-01 1.053637112407885060e-02 1.000000000000000082e-05
5.036189950815770366e-01 1.053754946276250389e-02 1.000000000000000082e-05
5.018808219708089657e-01 1.053871690805417358e-02 1.000000000000000082e-05
5.001486479303548505e-01 1.053988478181640091e-02 1.000000000000000082e-05
4.984224522552318515e-01 1.054106441908795808e-02 1.000000000000000082e-05
4.967022143119175781e-01 1.054224447537640413e-02 1.000000000000000082e-05
4.949879135381033413e-01 1.054342494247879729e-02 1.000000000000000082e-05
4.932795294424482391e-01 1.054460581246548061e-02 1.000000000000000082e-05
4.915770416043349633e-01 1.054578707756639692e-02 1.000000000000000082e-05
4.898804296736248842e-01 1.054696873010112397e-02 1.000000000000000082e-05
4.881896733704154112e-01 1.054813939444387665e-02 1.000000000000000082e-05
4.865047524847969651e-01 1.054931042536002075e-02 1.000000000000000082e-05
4.848256468766120042e-01 1.055049318837684644e-02 1.000000000000000082e-05
4.831523364752138838e-01 1.055167630943506379e-02 1.000000000000000082e-05
4.814848012792270482e-01 1.055285978139207902e-02 1.000000000000000082e-05
4.798230213563082769e-01 1.055404359724959260e-02 1.000000000000000082e-05
4.781669768429078760e-01 1.055522775007489145e-02 1.000000000000000082e-05
4.765166479440327563e-01 1.055640084171848014e-02 1.000000000000000082e-05
4.748720149330091789e-01 1.055757425167004084e-02 1.000000000000000082e-05
4.732330581512477208e-01 1.055875936879802947e-02 1.000000000000000082e-05
4.715997580080079077e-01 1.055994479625610438e-02 1.000000000000000082e-05
4.699720949801637904e-01 1.056113052758597855e-02 1.000000000000000082e-05
4.683500496119712420e-01 1.056231655640807281e-02 1.000000000000000082e-05
4.667336025148346446e-01 1.056350287641057845e-02 1.000000000000000082e-05
4.651227343670757963e-01 1.056467806992544660e-02 1.000000000000000082e-05
4.635174259137026520e-01 1.056585353785521875e-02 1.000000000000000082e-05
4.619176579661788407e-01 1.056704068915555877e-02 1.000000000000000082e-05
4.603234114021949597e-01 1.056822810731170188e-02 1.000000000000000082e-05
4.587346671654396468e-01 1.056941578637476606e-02 1.000000000000000082e-05
4.571514062653718180e-01 1.057060372048768994e-02 1.000000000000000082e-05
4.555736097769935711e-01 1.057179190385681977e-02 1.000000000000000082e-05
4.540012588406241445e-01 1.057296890205099496e-02 1.000000000000000082e-05
4.524343346616745420e-01 1.057414613435980755e-02 1.000000000000000082e-05
4.508728185104224906e-01 1.057533502695552977e-02 1.000000000000000082e-05
4.493166917217891188e-01 1.057652414639584544e-02 1.000000000000000082e-05
4.477659356951154690e-01 1.057771348716038569e-02 1.000000000000000082e-05
4.462205318939401755e-01 1.057890304386651520e-02 1.000000000000000082e-05
4.446804618457779190e-01 1.058009281110317869e-02 1.000000000000000082e-05
4.431457071418988813e-01 1.058128278361891716e-02 1.000000000000000082e-05
4.416162494371083658e-01 1.058246151090128616e-02 1.000000000000000082e-05
4.400920704495276947e-01 1.058364042992383618e-02 1.000000000000000082e-05
4.385731519603754958e-01 1.058483098326562857e-02 1.000000000000000082e-05
4.370594758137503200e-01 1.058602172128294411e-02 1.000000000000000082e-05
4.355510239164130937e-01 1.058721263889704153e-02 1.000000000000000082e-05
4.340477782375712357e-01 1.058840373113849494e-02 1.000000000000000082e-05
4.325497208086632184e-01 1.058959499306411089e-02 1.000000000000000082e-05
4.310568337231431291e-01 1.059077496271735620e-02 1.000000000000000082e-05
4.295690991362674516e-01 1.059195508980792511e-02 1.000000000000000082e-05
4.280864992648814038e-01 1.059314682867606126e-02 1.000000000000000082e-05
4.266090163872061081e-01 1.059433871802403088e-02 1.000000000000000082e-05
4.251366328426271490e-01 1.059553075316443937e-02 1.000000000000000082e-05
4.236693310314834648e-01 1.059672292944049792e-02 1.000000000000000082e-05
4.222070934148567933e-01 1.059791524226319330e-02 1.000000000000000082e-05
4.207499025143618954e-01 1.059909622041660046e-02 1.000000000000000082e-05
4.192977409119379995e-01 1.060027732402510532e-02 1.000000000000000082e-05
4.178505912496404684e-01 1.060147001693132092e-02 1.000000000000000082e-05
4.164084362294330766e-01 1.060266282849598764e-02 1.000000000000000082e-05
4.149712586129816194e-01 1.060385575432904251e-02 1.000000000000000082e-05
4.135390412214476896e-01 1.060504879012787866e-02 1.000000000000000082e-05
4.121117669352831747e-01 1.060624193157020875e-02 1.000000000000000082e-05
4.106894186940258651e-01 1.060742370034359686e-02 1.000000000000000082e-05
4.092719794960955060e-01 1.060860556484700436e-02 1.000000000000000082e-05
4.078594323985902936e-01 1.060979899632413445e-02 1.000000000000000082e-05
4.064517605170848702e-01 1.061099251688583239e-02 1.000000000000000082e-05
4.050489470254278745e-01 1.061218612248309920e-02 1.000000000000000082e-05
4.036509751555413805e-01 1.061337980911284534e-02 1.000000000000000082e-05
4.022578281972201686e-01 1.061457357283101220e-02 1.000000000000000082e-05
4.008694894979319412e-01 1.061576740974163983e-02 1.000000000000000082e-05
3.994859424626185374e-01 1.061694983570091351e-02 1.000000000000000082e-05
3.981071705534972027e-01 1.061813232616897959e-02 1.000000000000000082e-05
